20 40
1 00000000000000000000 00000000000000000000
1 00000000000000000000 00000000000000000000
1 00000000000000000000 00000000000000000000
1 00000000000000000000 00000000000000000000
1 00000000000000000000 00000000000000000000
1 00000000000000000000 00000000000000000000
1 00000000000000000000 00000000000000000000
1 00000000000000000000 00000000000000000000
1 00000000000000000000 00000000000000000000
1 00000000000000000000 00000000000000000000
1 00000000000000000000 00000000000000000000
1 00000000000000000000 00000000000000000000
1 00000000000000000000 00000000000000000000
1 00000000000000000000 00000000000000000000
1 00000000000000000000 00000000000000000000
1 00000000000000000000 00000000000000000000
1 00000000000000000000 00000000000000000000
1 00000000000000000000 00000000000000000000
1 00000000000000000000 00000000000000000000
1 00000000000000000000 00000000000000000000
1 00000000000000000000 00000000000000000000
1 00000000000000000000 00000000000000000000
1 00000000000000000000 00000000000000000000
1 00000000000000000000 00000000000000000000
1 00000000000000000000 00000000000000000000
1 00000000000000000000 00000000000000000000
1 00000000000000000000 00000000000000000000
1 00000000000000000000 00000000000000000000
1 00000000000000000000 00000000000000000000
1 00000000000000000000 00000000000000000000
1 00000000000000000000 00000000000000000000
1 00000000000000000000 00000000000000000000
1 00000000000000000000 00000000000000000000
1 00000000000000000000 00000000000000000000
1 00000000000000000000 00000000000000000000
1 00000000000000000000 00000000000000000000
1 00000000000000000000 00000000000000000000
1 00000000000000000000 00000000000000000000
1 00000000000000000000 00000000000000000000
1 00000000000000000000 00000000000000000000
0 0